500 4
3
18
22
25
54
82
120
191
254
290
374
473
536
604
657
705
871
1042
1099
1167
1177
1284
1344
1363
1407
1445
1521
1613
1852
1905
2163
2395
2433
2476
2681
2718
2809
3044
3345
3392
3496
3643
3741
3870
4155
4267
4514
4975
5448
5912
6014
6240
6521
6703
6998
7135
7608
8101
8582
8584
8800
9400
9767
10074
10599
10953
11219
11405
11485
11922
12217
12431
12536
13140
13233
13833
14171
14343
14607
15098
15284
16000
16577
16616
17224
17538
18227
19078
19718
20488
21142
21428
22200
22793
23428
23445
23712
23894
24280
25109
25638
25959
26752
27328
27535
28033
28832
28937
29327
29750
30349
31067
31216
31542
31552
32669
33452
34151
34542
35335
35594
36481
37062
37974
38174
38511
39632
40391
41410
42667
43436
44166
44737
44881
45160
45580
46095
46143
46201
47398
48511
49598
49964
50286
51431
51809
52500
53398
53485
54237
54738
55696
56615
57370
58822
60373
61005
61749
62240
63463
63644
65076
65089
66513
67359
68751
69696
69879
70981
72624
73155
73990
75412
75949
76708
77655
79072
79233
80141
80425
80708
81897
82781
83426
83472
85109
86205
87413
88014
89253
89404
89538
91259
92136
93227
93487
94148
95104
96637
97731
98382
100066
100517
100730
102163
102614
103714
103894
104448
105986
106130
107619
108769
110420
112234
113590
114298
114461
115906
117607
117879
119307
121384
123158
125285
126683
128229
129688
130532
131981
133506
133671
135275
136493
137211
138578
139657
141628
143308
145121
147470
149686
151999
154240
156307
156496
156964
158719
159231
160566
161242
162089
162714
164510
166033
166246
168320
168639
169751
172292
172500
172989
174187
176381
176808
178297
179831
180620
181570
183224
185556
187597
189857
190734
192167
194065
195684
196657
197052
198835
198943
199397
199607
202322
204432
204835
206013
208109
210393
212325
214842
217297
219448
219564
220463
222964
225201
227644
230494
232811
235620
235884
236142
237714
240016
241329
243869
246610
248236
248703
249237
249763
249844
251411
254453
257376
258398
258860
260930
263667
266592
267081
269495
271323
272450
274763
276762
278896
282145
285004
285015
288005
289599
291861
292463
293901
293918
294022
294563
297249
298781
300468
301890
303735
305019
305285
307476
310693
311562
314503
316749
318473
320995
321637
324299
326579
328896
329090
332534
332550
334733
335391
335440
338557
339769
342930
345687
349206
350354
352852
356467
359977
360873
362851
365878
366638
369674
370262
371651
374436
375777
378284
380255
381039
382158
384684
388088
390545
391585
395283
398018
400103
402361
403405
406528
408188
410126
410956
414406
417002
417793
421338
424936
428603
429928
430153
430440
430444
431498
434667
436526
437113
440731
443234
445675
449073
450534
452189
454276
455437
456343
457707
461133
463487
467356
470097
472772
474351
477175
478962
481097
481862
484446
487431
489943
491695
493235
496786
497762
498818
499070
500467
503701
506662
507452
507859
508320
511341
514434
516952
521006
522427
525649
528190
530325
532468
535692
538654
540308
540938
542159
546600
549975
552421
555297
556136
556184
558113
559866
563920
566167
567182
571583
572496
575082
577626
581197
582336
586723
590027
592444
595916
600423
603395
603880
608692
611899
614378
615315
615457
620327
624307
625160
625397
628313
632883
636270
637986
640805
641745
1 40391
1 590027
2 2
3 329090
