5000 8
3
35
234
386
560
587
631
649
1098
1929
2761
3333
3463
4589
5012
6378
6737
8432
8667
8692
10236
11724
13067
13684
15797
16068
18554
19063
20015
21974
23334
25709
26740
28889
31099
33296
34785
35809
36285
36905
39351
42971
43223
44191
44268
47395
50070
51388
53770
57762
61216
64403
65625
65784
67858
67925
72787
78389
78645
79940
81663
84711
85331
89157
90215
96677
97581
99908
100585
100797
104244
109859
110671
113772
114827
120618
127096
134768
141388
143968
148612
149448
155445
156063
160988
161181
168098
174556
181354
188050
190875
193666
201410
203777
207417
214139
214959
223423
228924
231563
240761
242531
250185
255367
262958
266567
268201
274442
281374
281520
283742
285700
293272
302183
310982
319761
324458
332434
340773
342168
344360
354344
364982
373201
381183
386831
396202
396684
400328
410783
417036
429240
437435
446702
455229
458228
460806
468839
481499
488211
490150
501714
503395
506468
509156
509568
523270
524675
526685
526847
541689
550214
550440
564992
567656
570546
580159
591774
607448
620255
629037
644284
648178
662956
676982
678423
678630
692545
696729
700096
700885
711580
727394
733126
741404
743846
748240
763512
767759
770964
774608
778759
788039
799152
805475
806049
813354
826742
834393
838953
850681
860325
872544
888306
900100
906656
919719
931010
933393
936392
939382
954664
959820
961684
969099
984285
1002601
1004570
1012748
1029763
1033299
1043694
1052792
1069470
1087898
1104502
1122514
1138787
1158849
1162465
1177490
1179480
1182672
1204847
1225339
1229815
1235758
1236895
1246584
1259350
1264498
1274447
1285565
1287029
1293115
1308290
1331770
1347244
1370479
1393098
1393780
1407793
1414349
1428969
1436561
1447375
1464221
1472027
1495916
1506125
1508399
1516396
1517077
1528763
1542217
1557743
1561625
1572922
1592047
1601270
1620033
1629377
1642550
1660853
1673163
1681364
1687423
1705874
1728839
1744625
1768317
1784514
1792363
1806781
1821001
1826322
1849236
1870162
1884172
1897167
1914784
1926418
1929260
1936251
1938472
1952158
1974025
1988830
1990195
1995807
2012558
2033656
2048024
2067840
2076322
2097951
2117118
2117129
2136901
2162925
2163352
2186078
2211262
2238960
2251906
2264360
2289192
2291662
2308564
2316636
2329323
2333435
2348783
2352835
2372768
2390379
2394459
2396119
2421918
2426294
2442468
2452068
2464572
2472005
2474661
2476499
2494881
2520534
2535535
2536209
2556528
2562908
2589890
2612183
2613672
2633910
2640389
2673522
2695332
2702334
2734049
2763116
2764572
2781437
2794296
2806635
2830162
2852682
2886043
2891809
2910867
2944802
2959578
2990782
3022652
3031526
3049029
3083093
3088420
3119786
3138866
3144984
3160921
3183973
3184035
3217743
3232053
3268204
3302315
3332205
3347590
3364968
3372156
3391177
3425740
3457839
3460409
3461379
3465200
3483363
3504331
3510760
3547751
3570837
3583253
3601974
3621194
3639613
3649419
3684338
3698273
3699019
3702437
3707801
3714232
3741142
3764916
3770547
3798388
3827663
3829675
3848304
3865239
3880671
3905401
3918030
3956283
3959766
3990327
3991424
4025040
4040840
4079588
4104085
4134521
4163375
4164986
4168563
4173176
4175985
4208421
4247372
4283937
4300703
4315570
4332976
4356292
4379664
4414894
4416554
4452513
4455347
4478906
4485741
4486259
4514620
4529946
4542437
4582871
4593868
4626086
4631369
4665498
4704415
4709007
4743835
4759986
4792419
4822536
4826753
4836855
4860090
4866010
4890170
4915422
4959601
4994029
4997237
5004118
5022898
5055658
5072871
5085135
5124614
5146262
5179304
5213135
5221601
5234055
5263322
5282295
5288569
5327179
5346634
5347107
5355710
5372133
5416958
5441176
5478036
5518280
5542203
5584388
5626484
5671799
5688978
5735373
5748978
5757216
5778923
5803339
5831149
5879651
5922223
5923923
5954573
5981768
5983451
6020247
6061678
6100300
6107001
6132228
6146063
6172869
6223200
6223700
6268391
6292279
6325567
6325780
6354772
6368935
6388416
6409184
6414644
6464544
6467769
6479875
6487745
6501567
6521861
6562682
6605106
6632932
6639995
6675351
6707414
6739392
6740976
6747082
6771912
6803460
6817854
6843959
6852435
6885592
6924969
6925137
6929052
6938808
6954569
6987888
6993919
7011093
7017512
7061174
7090169
7134423
7137263
7141218
7184757
7189891
7241119
7277034
7330466
7371597
7420711
7447467
7466198
7497896
7552728
7563012
7613188
7661616
7709937
7735810
7754445
7789754
7801377
7855107
7884852
7933128
7976719
8029017
8037738
8052418
8109398
8110036
8151711
8195191
8223346
8233572
8239818
8260292
8273403
8280752
8287689
8341434
8383969
8413758
8422844
8474263
8509018
8517042
8541430
8591966
8605805
8660858
8669933
8710115
8752631
8752653
8806204
8820691
8853552
8898666
8911894
8968777
8972939
8985204
8998870
9007677
9043030
9085752
9129305
9189669
9213212
9229253
9277485
9314293
9323795
9343623
9396553
9446102
9505836
9511244
9572749
9624443
9636186
9688977
9697755
9752944
9768487
9816026
9823683
9835599
9836512
9838339
9861451
9864268
9904372
9915280
9946695
9951622
10006194
10056734
10067815
10120301
10143454
10188899
10200835
10246080
10304715
10369521
10431237
10446107
10499721
10515543
10571087
10598875
10648720
10699744
10745783
10776523
10795797
10834483
10893230
10960019
11011244
11043313
11083000
11149049
11208178
11272422
11338558
11362989
11427413
11440263
11490740
11517648
11533655
11585219
11596244
11658077
11701097
11731779
11757822
11821489
11875433
11889222
11928549
11997600
12027093
12049579
12063040
12095759
12098494
12108612
12177721
12201691
12220140
12288278
12357410
12422258
12437600
12448218
12478098
12538646
12579416
12628575
12639161
12704229
12718892
12753876
12773097
12836283
12863259
12873035
12904428
12947460
12991965
13003047
13067440
13124270
13152028
13170982
13185852
13245425
13248580
13254159
13271335
13294949
13311018
13372416
13441901
13498042
13524170
13590367
13661366
13732615
13767801
13841289
13847438
13850010
13903932
13946734
13951502
13959922
14007620
14057853
14078735
14117090
14191795
14243402
14254877
14263922
14284345
14337172
14349513
14415291
14478119
14504746
14578941
14590528
14644965
14719177
14792565
14840662
14897311
14968481
14974847
14995114
15039232
15058059
15072328
15129510
15185359
15244498
15316220
15356257
15423909
15452115
15466499
15508718
15550431
15592103
15668088
15697086
15703995
15729193
15763950
15790858
15847605
15867779
15909074
15934088
15990704
16032090
16052251
16063028
16102904
16122574
16189398
16260444
16317063
16372637
16386285
16450254
16529967
16607689
16665367
16715815
16746543
16823256
16891515
16924048
16976855
17050671
17094392
17137048
17204392
17208572
17225396
17269837
17314513
17336785
17414022
17444484
17507952
17567933
17635974
17693870
17772011
17848897
17928021
17965213
17973413
17994457
18047168
18083963
18112239
18142111
18162736
18209102
18266419
18268704
18282693
18285387
18314798
18368770
18376880
18409838
18482763
18500920
18530949
18602740
18665401
18677890
18757606
18764657
18767447
18802194
18879821
18956454
19005247
19010920
19039045
19084210
19141217
19201494
19272747
19314760
19337541
19372329
19447220
19493778
19545263
19561425
19569607
19609804
19644278
19693132
19778929
19822838
19835191
19914927
19947820
19957934
20020459
20079438
20134223
20163930
20185776
20202520
20239350
20255082
20295869
20332155
20403142
20471446
20480191
20544161
20594980
20622266
20678547
20695727
20728123
20768439
20819761
20891299
20969544
20985083
21013387
21089369
21119929
21147287
21206798
21254441
21328385
21351233
21362127
21374857
21385113
21390984
21417280
21465036
21516351
21593255
21673989
21765471
21842941
21904012
21946817
22030369
22099026
22153474
22164208
22257163
22333157
22334236
22426781
22490333
22521761
22544461
22631555
22637843
22700983
22715068
22779652
22851736
22920932
22985400
22990496
23059918
23102149
23176412
23196992
23266898
23345965
23376392
23400093
23480432
23503590
23543148
23605979
23655777
23750323
23787309
23851732
23856474
23908139
23909518
23943632
24021067
24111358
24123669
24185544
24224085
24231433
24251184
24315451
24412975
24477355
24545999
24611187
24664430
24692717
24726896
24754358
24754744
24817760
24908153
25002600
25059364
25150547
25227306
25310560
25389781
25462508
25465876
25555681
25637265
25645852
25674812
25700811
25706221
25764394
25819820
25851311
25933632
25963280
26016588
26116714
26194472
26210626
26263760
26272633
26321174
26411879
26456274
26462223
26484416
26569096
26576003
26618811
26715114
26746962
26817026
26913012
26950987
27015629
27068871
27071370
27079621
27119625
27137885
27188286
27214183
27248309
27348273
27401001
27487275
27582058
27609344
27644228
27737947
27836490
27912258
27975379
27991517
28021780
28060242
28074516
28147270
28202069
28225751
28309840
28408077
28448305
28511451
28524935
28581436
28654966
28747141
28802803
28805357
28817772
28886618
28981039
29033561
29101871
29118352
29206020
29289325
29297335
29362098
29435813
29534176
29599799
29655657
29708670
29772516
29795186
29875803
29895615
29968147
30072438
30110702
30214233
30289833
30291695
30377573
30441436
30485498
30576831
30630578
30718644
30751953
30856336
30872035
30876528
30956434
31046894
31146975
31210936
31213468
31296124
31364142
31423097
31493706
31562712
31635023
31711581
31737080
31813580
31894312
31908675
31991447
32102785
32176391
32277295
32279615
32333269
32361296
32406240
32505090
32586814
32655096
32658007
32690887
32743898
32848072
32895328
32954242
32987669
33029546
33119122
33179738
33223294
33335518
33445125
33483879
33589614
33671621
33681546
33715381
33787991
33836031
33862960
33908540
33960227
33980042
34090485
34154548
34205850
34281897
34382750
34445919
34454231
34548677
34627976
34648669
34655479
34735334
34758883
34833543
34916717
34946915
34965423
35070815
35173507
35234752
35243291
35313720
35356803
35406787
35475783
35507398
35547163
35625031
35737266
35799970
35849213
35865921
35949080
36019686
36117864
36159979
36193186
36199596
36303527
36348273
36386108
36436210
36459691
36546578
36550032
36604669
36632314
36675106
36724546
36793985
36866212
36870271
36947109
37044011
37054166
37097092
37097519
37181741
37260065
37358110
37409246
37505494
37568609
37664165
37783991
37855464
37856875
37930248
37951913
37959955
37979064
38072477
38137823
38253855
38298945
38401327
38519856
38632481
38703375
38807386
38807640
38875334
38996924
39003928
39075836
39190134
39231084
39335532
39381422
39461669
39492682
39545179
39578924
39629852
39662327
39760168
39815482
39909690
39947404
40060243
40173745
40251770
40304812
40343151
40365678
40412022
40480745
40594243
40697052
40793632
40823762
40922437
41025063
41074545
41113906
41188500
41263600
41307512
41368014
41418657
41495546
41555991
41628961
41660537
41736893
41789860
41818759
41927799
42043774
42051097
42154398
42189465
42202963
42238109
42354557
42444984
42498964
42511866
42618803
42652945
42740437
42764804
42882361
42914311
42932413
42980132
43029386
43133750
43179923
43211112
43324569
43377693
43444249
43554768
43673928
43747640
43761206
43870065
43948549
43966932
44065886
44160262
44175933
44185487
44213961
44235292
44314375
44392289
44461084
44545004
44591990
44596029
44698299
44699705
44799524
44870416
44910331
44954835
45067603
45129953
45184728
45222644
45280470
45397521
45512606
45522332
45579536
45666060
45796147
45917745
45980392
45992145
46075911
46133351
46142210
46254800
46353632
46397074
46397181
46495638
46514470
46646175
46757642
46768616
46778887
46826795
46841853
46923521
46989875
47014852
47129562
47218471
47344454
47357230
47361761
47492221
47616775
47737552
47802768
47898899
47952266
48063760
48191126
48274622
48360368
48475883
48605979
48633517
48696746
48777911
48780379
48838033
48915064
48917121
48943649
48968883
48983308
49059765
49092848
49098418
49121834
49231007
49342308
49406799
49517679
49531993
49536764
49660128
49796669
49820719
49887797
50001596
50049100
50160866
50255351
50337181
50430465
50556358
50663609
50725762
50798803
50858864
50937541
51025273
51156801
51179109
51280607
51359742
51393399
51402200
51437087
51570330
51631227
51746926
51822850
51845009
51959222
52024139
52159334
52278571
52400518
52533343
52572161
52715134
52755806
52863651
52884297
52887983
53000511
53074118
53218149
53276838
53370896
53419767
53525730
53616078
53709637
53791139
53887192
53923100
54000205
54006276
54140517
54141641
54234123
54333180
54389293
54435850
54482264
54490733
54597077
54615861
54693517
54817771
54861278
54963376
54982115
55030838
55118614
55249664
55269726
55415684
55508463
55558853
55697634
55807809
55808769
55830351
55930500
56053634
56133844
56262388
56405045
56476888
56565977
56613358
56654018
56776672
56789260
56854766
56921171
56937126
56971766
57059798
57188539
57197357
57274649
57386820
57499103
57548372
57688713
57820809
57893358
57951660
57985466
58132166
58189113
58224022
58267146
58340944
58450717
58572431
58653344
58765096
58794913
58832687
58916110
59019019
59084819
59235942
59313417
59351843
59434853
59486369
59531279
59651311
59731475
59777647
59917302
59938729
60027990
60130466
60252261
60325133
60439861
60485243
60562557
60586765
60589126
60675844
60816960
60862636
60876558
61029419
61062639
61194590
61232227
61285562
61339692
61451250
61568780
61624116
61769942
61800503
61949537
62024413
62058978
62109968
62132816
62258066
62296825
62405737
62428395
62557920
62565154
62692672
62759641
62793592
62820068
62915400
62949759
62955754
63044622
63128844
63192722
63319552
63367517
63409945
63504340
63559486
63629642
63632437
63761601
63804705
63811943
63946681
64068421
64208484
64291662
64332612
64344707
64414786
64421480
64503765
64635349
64689430
64739184
64790807
64905809
64910671
64943696
64958897
64992086
65019091
65146606
65260004
65355901
65431222
65528990
65610302
65655581
65672235
65686343
65806226
65966706
66099802
66144555
66302087
66455879
66550482
66705194
66797183
66829015
66843684
66988339
67122118
67181148
67197739
67335351
67423623
67546978
67702238
67715481
67742786
67897903
67979732
68045437
68059422
68086262
68099885
68147462
68296631
68357710
68381057
68438761
68544200
68575246
68582573
68678954
68815422
68918634
68945079
68981518
69091682
69144596
69179142
69199485
69339099
69371656
69510924
69670482
69756335
69871005
69880707
69959897
70061664
70224977
70279344
70287208
70435933
70527283
70641227
70665443
70756904
70912905
71015235
71142515
71251594
71321583
71348826
71385315
71405968
71430298
71566667
71674956
71755973
71858558
72024813
72103096
72106341
72185044
72241566
72402504
72447267
72595433
72616443
72672545
72809184
72832151
72877500
72886726
72895305
73056988
73185010
73217300
73221686
73366160
73443822
73458818
73486583
73552310
73569155
73671633
73673050
73808334
73929553
74089059
74239451
74276545
74300845
74451992
74602569
74697613
74766320
74832792
74833274
74916101
75082078
75143069
75236685
75238271
75401890
75407835
75509934
75576367
75588792
75725437
75770544
75853063
75897196
75956140
75985116
76097715
76227609
76401924
76467249
76610652
76687024
76693041
76714459
76796623
76969797
77065454
77067844
77129987
77186637
77342189
77454881
77567208
77612233
77651341
77682824
77710308
77874911
77950545
78076712
78178572
78351823
78486099
78579840
78710295
78870615
78938872
79090776
79113982
79181315
79300696
79365395
79465522
79525701
79540628
79545971
79654726
79706283
79819146
79838187
79874364
79920959
79945372
80052318
80161718
80216110
80277931
80361815
80491022
80522117
80662620
80721620
80774856
80869015
81015166
81156199
81173740
81237311
81294890
81459907
81593223
81740844
81830480
82003453
82057335
82203731
82328617
82369166
82380229
82470930
82630670
82793302
82917678
83051052
83115930
83136146
83222084
83314955
83479167
83598942
83600500
83672505
83714142
83802428
83937264
84055093
84198753
84331600
84488252
84517421
84679805
84716063
84739615
84863577
85035698
85090352
85263070
85374989
85441595
85623198
85804158
85891224
85986701
86102129
86281431
86464738
86630622
86683832
86829810
86885858
86971276
87119242
87294735
87457502
87611485
87717224
87812552
87835267
87965795
88003275
88181201
88248803
88290351
88359830
88396824
88526085
88601690
88771775
88793675
88881736
89060816
89211308
89264076
89430154
89487704
89546674
89701579
89860855
90016748
90171824
90330408
90349861
90490833
90653960
90785690
90918817
90945505
91012774
91133968
91317844
91502723
91654124
91770934
91814882
91898532
91903329
92080308
92116435
92222589
92292221
92306540
92490774
92499828
92610865
92800787
92900314
92985133
93123713
93294056
93388690
93441126
93608444
93672071
93681431
93688288
93837248
94010308
94088016
94248407
94365091
94376717
94427487
94543234
94551041
94566321
94591980
94720796
94747428
94861075
94967415
95098131
95120277
95243201
95381393
95497738
95551727
95626416
95633170
95723351
95899894
96060905
96158774
96326837
96333657
96376148
96466910
96520480
96654661
96774051
96826772
96955050
96974547
97162641
97172456
97236632
97246768
97247723
97248137
97323425
97431629
97467933
97525217
97564407
97667157
97698106
97799591
97879062
97900780
98092601
98175655
98214538
98350330
98435383
98583359
98733744
98734219
98878460
98975345
99063863
99184994
99188003
99210559
99359359
99536934
99627858
99681036
99863147
100029918
100185450
100263352
100272827
100279235
100311173
100411978
100462029
100542836
100588048
100664860
100796766
100801179
100962558
101163159
101352637
101465089
101573549
101741994
101939603
102134304
102330684
102340342
102475944
102676435
102863049
103061434
103167010
103281740
103338333
103532273
103541014
103716532
103913124
103931500
104010878
104144558
104248509
104385218
104464666
104651431
104730455
104916241
104956062
105150875
105296582
105405073
105496838
105502125
105547061
105588748
105761766
105799094
105874939
106040632
106088902
106131213
106175191
106200099
106268781
106380074
106566832
106578145
106704278
106879878
107078218
107154410
107272233
107460286
107622879
107773260
107825459
107973386
108174853
108208315
108303465
108331241
108374864
108379962
108394526
108426565
108577940
108581924
108688481
108759753
108859470
108893999
108964562
109169589
109255867
109311332
109375995
109533963
109705004
109727650
109914901
109932652
110119572
110146676
110327402
110532676
110617591
110782318
110927131
110936635
111138584
111190070
111303210
111513212
111723568
111782402
111853043
111895406
111982097
112138008
112298953
112390131
112586281
112665459
112835997
112984177
113086193
113253864
113275683
113367160
113376769
113445019
113455329
113652661
113777645
113856661
113936019
114117758
114304264
114335385
114428390
114432185
114484542
114590037
114626537
114807562
114852984
115027747
115069025
115102258
115231502
115406315
115487148
115554813
115750807
115902458
115925303
116126915
116134439
116152183
116169022
116332366
116347312
116397763
116502091
116670171
116847930
116957306
117170397
117367582
117439009
117510405
117569646
117721283
117853825
118042838
118185600
118288396
118402852
118493693
118536432
118563583
118625579
118636461
118847489
119014189
119138595
119339458
119430200
119555560
119662430
119863953
120046879
120099117
120151963
120292817
120366476
120579332
120768104
120912416
121075917
121161777
121351016
121414890
121606659
121734132
121766449
121927682
121975191
122155495
122247101
122249961
122451118
122519771
122547465
122558480
122600025
122617665
122784515
122886653
122977186
123009038
123121181
123273192
123387923
123392133
123502981
123654931
123695757
123902327
123933209
124043348
124166610
124285173
124460949
124507042
124696820
124698303
124820320
124913519
125136328
125359081
125460840
125509048
125731924
125853890
126026213
126094977
126311465
126526159
126674201
126796782
127016080
127087777
127099872
127145061
127264838
127448971
127638720
127779135
127943910
127982474
128103079
128251437
128303026
128342997
128527370
128648108
128868554
128945914
129144141
129189169
129197815
129331164
129456230
129536094
129557529
129714651
129748809
129936932
130121828
130131668
130336635
130359649
130505829
130538781
130548147
130565514
130717341
130768748
130814733
130979437
131042548
131122730
131275022
131322633
131443128
131479344
131573035
131575508
131777496
131821944
131844835
131939859
132165478
132207046
132367545
132596899
132702261
132924980
133101720
133244860
133382152
133547459
133629785
133837087
133995668
134157730
134384081
134497119
134599619
134719385
134860837
135010398
135239316
135252643
135450797
135521970
135617425
135793512
136010079
136151834
136245392
136263682
136439612
136649739
136821999
137049370
137167834
137171156
137287256
137388310
137498862
137666344
137835155
137958514
138085508
138180370
138342931
138534757
138622829
138687060
138695154
138920530
138978045
139074290
139113765
139122006
139169914
139170486
139294965
139471092
139646070
139868819
140000109
140023879
140044105
140156385
140171686
140376556
140586609
140641862
140855616
140915533
141106281
141163418
141396594
141448918
141676947
141774467
141996659
142055922
142151005
142302392
142324724
142460472
142517434
142523171
142541973
142624825
142747575
142969588
143112400
143245798
143469600
143611692
143705300
143805800
143860324
143999625
144018546
144213685
144252681
144256388
144382005
144404249
144503654
144717789
144948428
145148444
145310569
145419322
145479854
145535905
145747905
145765149
145870300
146086584
146265275
146282118
146307857
146531410
146728996
146913017
147088020
147132200
147182055
147186328
147328999
147539978
147666962
147730496
147745555
147901078
148127371
148147219
148346376
148384644
148491497
148642245
148787182
148978543
149117305
149140614
149380776
149500740
149663223
149838506
149962277
150057413
150294422
150467202
150619324
150838091
150863702
151080137
151280765
151316933
151437612
151470163
151697020
151732365
151825690
151940918
152082506
152262764
152280160
152522908
152602917
152730599
152928777
152970053
153105566
153160428
153391765
153453482
153607201
153654053
153779665
154009355
154171103
154298934
154305654
154353744
154526393
154584476
154771984
154775971
154876684
155091871
155110479
155284919
155426991
155461216
155634267
155739910
155847615
155998954
156170065
156316291
156423912
156577413
156788447
156990503
157140777
157212248
157299301
157473994
157478507
157676653
157845826
157981000
158130667
158260922
158429118
158443574
158539434
158580910
158620755
158813548
159034911
159237826
159486129
159510357
159707049
159807505
159950286
160075666
160094112
160232186
160387882
160612409
160705624
160760195
160851609
160993210
161059234
161180513
161421857
161643967
161771574
161877883
162072979
162169526
162332910
162353184
162441109
162620623
162621494
162722685
162785934
163036978
163286646
163454401
163545575
163651946
163720857
163783814
163844477
164058204
164192275
164411544
164544861
164635660
164851552
164878785
164965575
165212652
165431946
165567911
165658028
165755480
165830116
165988509
165998598
166147159
166179626
166333020
166473837
166637505
166762942
166832779
166857004
167106920
167116382
167291751
167543440
167722045
167792994
167852466
168049181
168211741
168349294
168426436
168680917
168929823
169011928
169239590
169243173
169283182
169459951
169691613
169922916
170106561
170212646
170276698
170463806
170637610
170771069
170830287
171017632
171087828
171240165
171475305
171728009
171844570
172071421
172303116
172329062
172439202
172574211
172748092
172958495
173069338
173316563
173340007
173340398
173371250
173565058
173710202
173822144
174009543
174220191
174433778
174669195
174721278
174979030
175037535
175256664
175384635
175599890
175817644
175974183
176027265
176079531
176240567
176364612
176585162
176847535
177103437
177193409
177236072
177346467
177604962
177849980
178036081
178147683
178337642
178476355
178711227
178945582
179105579
179253431
179348494
179395121
179639220
179896658
180102007
180336333
180369432
180629882
180719364
180808968
180888529
180936725
180994217
181227664
181247176
181327458
181525879
181745405
181894370
181933826
182109277
182202669
182341343
182400567
182652553
182847938
183069538
183217119
183257361
183388290
183520855
183576762
183732858
183851432
184048359
184072204
184146856
184272762
184491709
184724535
184740527
184836556
185093851
185326766
185341144
185519401
185654740
185913429
185979704
186067578
186181525
186362361
186410080
186558141
186616134
186662521
186692699
186824894
187087202
187251654
187397948
187572943
187787894
187901477
187995736
188073904
188193862
188324596
188485093
188583941
188797813
188807192
188953639
188992186
189196662
189279307
189310741
189541027
189629604
189640213
189745095
189877359
189963037
190021420
190116688
190117991
190128202
190274560
190298788
190329009
190373362
190563066
190720453
190907377
191178684
191302642
191548087
191731483
191976167
192000199
192121013
192383420
192478093
192644926
192651520
192679280
192911580
192974811
193031039
193145858
193239830
193421092
193479688
193482990
193745366
193821740
193920555
194040544
194262328
194480503
194522525
194720162
194940402
194947941
195049865
195059882
195281072
195284091
195480456
195516762
195625173
195828604
196028017
196154563
196375587
196490087
196737105
196988762
196998805
197092361
197369997
197609392
197629981
197768123
197925713
198171850
198190618
198302745
198352161
198518166
198724959
198799977
198975519
199099854
199307944
199502870
199584482
199648934
199920921
200089391
200149579
200285289
200520840
200674344
200779601
200849699
200977525
201034120
201221985
201414994
201571578
201586501
201805337
201855552
201887518
201950194
202143246
202400652
202492766
202501024
202618245
202792444
203054972
203149388
203165442
203380090
203527584
203692272
203733704
203800266
203944384
204203685
204452287
204603167
204678464
204830543
205014901
205291484
205311951
205470076
205649848
205657731
205732819
205820579
205971967
206220723
206317980
206433700
206651033
206769286
206987876
207098320
207176054
207354202
207491164
207739214
207840643
207914250
208129008
208214159
208485978
208742287
208801101
209009474
209127345
209192598
209197463
209421504
209435910
209504202
209641278
209887308
209912293
210107517
210390728
210655983
210658024
210680112
210687477
210700873
210862506
210961421
211052521
211149338
211432401
211637194
211864951
212133965
212349397
212459734
212531850
212566131
212670829
212854381
212977837
213165456
213377982
213474933
213665953
213759775
213916840
213989528
214243531
214435591
214711464
214945960
215031767
215055573
215312319
215340621
215354233
215439182
215724099
215732483
215893171
216088594
216314823
216431320
216489617
216667298
216884012
217031367
217141681
217179356
217334214
217493995
217578659
217755113
217993685
218125922
218267050
218522080
218701965
218731738
218946668
219197298
219338517
219584957
219838673
220053918
220206890
220212920
220354166
220466738
220576943
220771107
220856244
221073760
221243311
221453395
221524943
221676241
221863523
222074457
222147050
222374260
222391297
222555576
222639582
222882014
223082910
223225404
223390986
223401398
223475686
223603790
223847612
224049081
224298335
224451756
224715051
224776908
224818759
224909270
225017089
225096225
225112073
225356109
225525614
225789443
225993145
226242208
226357477
226406331
226579290
226680022
226720558
226944995
227025307
227028809
227257388
227342688
227455805
227599506
227671410
227699667
227865622
227956799
228144215
228296207
228303057
228374100
228574279
228609270
228805607
228939197
229089147
229315202
229396350
229589585
229767511
229917313
230158703
230206789
230280266
230389165
230502543
230685388
230699086
230781388
230979456
231209373
231376598
231388565
231457995
231721604
231848680
232089198
232220246
232404430
232443260
232463438
232519996
232659455
232767795
232840860
232876291
232954003
233120675
233382904
233513051
233816179
233970752
234113431
234235665
234339585
234374593
234578188
234852134
235050613
235253282
235546298
235685554
235925428
236030731
236279670
236431004
236660443
236937990
237173032
237282155
237536444
237627567
237894830
237998390
238019983
238049113
238267454
238459901
238694003
238995935
239030159
239116942
239341477
239565352
239597749
239752147
239813060
239869994
240036120
240256704
240520308
240796470
240966531
240967241
241060388
241303650
241497264
241784862
241930083
242108692
242382895
242669025
242777819
242801106
242980506
243175753
243480922
243525465
243547851
243751615
243843350
243983962
244163659
244297051
244436278
244692684
244816404
244883046
245108097
245268783
245306350
245369147
245534577
245646567
245782404
245810221
245968713
246024957
246216352
246274475
246326268
246448917
246515200
246740047
246890735
247074910
247181016
247389263
247475631
247529243
247782344
247789557
247908441
248073241
248319228
248620149
248753366
248851764
248996769
249270599
249426335
249538777
249640884
249707301
250021983
250127137
250141771
250344025
250648343
250712353
250894432
251001165
251194226
251350858
251522890
251566119
251596838
251664718
251807974
251977301
252175335
252316725
252561457
252564837
252584197
252884257
252943200
253157209
253275897
253464896
253585705
253591681
253854442
253942930
254008823
254038017
254334522
254458950
254568550
254773005
254997985
255171185
255314166
255322287
255554781
255726074
255901946
256162070
256455256
256616574
256869417
257145267
257261187
257451113
257472226
257670527
257808035
257831571
258128213
258136041
258206548
258246250
258419724
258535873
258700895
258837623
259001338
259235315
259378903
259594998
259789881
260059159
260192646
260312780
260401931
260509273
260646462
260894155
261093063
261103878
261297971
261615434
261818372
262061736
262132957
262242298
262370725
262603244
262847063
263127332
263337289
263518706
263749419
263834583
263869661
263875707
263883371
263897474
263945167
263994139
264080449
264236257
264480719
264579569
264666293
264735626
264893408
265043112
265103590
265358442
265490523
265715844
265984779
266265180
266407197
266613334
266673416
266872020
267054998
267266722
267278468
267604416
267853949
267933728
268245230
268414331
268681708
268926204
269004870
269165891
269412831
269566207
269742068
269936850
270041036
270364232
270564859
270623749
270887001
271137626
271464470
271662343
271854631
271886003
271987908
272282694
272508675
272833634
272919016
272931315
273087368
273147816
273231593
273518249
273602717
273615738
273723757
273947754
274107933
274429308
274751176
274872655
275067369
275302951
275470114
275681594
275749992
275815254
276121507
276337767
276516194
276727603
276810978
276849956
277179217
277474437
277696411
277982173
278249625
278291973
278400647
278471684
278614581
278719464
278868950
279176097
279473612
279686847
279927221
280247967
280267578
280527423
280567741
280599146
280923273
281109934
281286111
281434178
281557162
281847064
282104533
282165076
282381828
282694352
282961913
283087836
283255723
283281310
283282438
283366309
283662975
283913047
284230075
284475560
284703125
284946279
285085843
285243523
285515283
285549681
285773580
285890693
286191528
286240775
286269703
286402345
286498825
286710252
286746513
286853499
286887339
287047901
287108791
287316353
287561432
287865375
287976122
288067680
288226133
288293198
288403777
288532036
288653723
288922190
289157236
289218361
289358775
289667805
290002730
290203724
290360432
290529078
290638387
290706633
290872636
290980575
291316455
291420169
291703845
291725947
291788207
291907765
292053779
292257231
292485153
292590228
292857494
292946554
293107337
293124426
293455893
293722555
294032045
294229772
294250124
294527320
294658892
294873198
295068906
295363515
295687337
296025815
296223101
296471682
296639236
296816665
297032935
297202100
297211435
297304933
297381400
297606986
297704803
297885866
298122946
298195707
298220516
298344502
298478635
298747657
299067074
299080695
299202362
299544441
299874339
300014718
300123015
300250945
300392282
300702097
300916888
301061767
301211701
301462688
301693680
301988658
302225525
302380559
302511922
302652056
302919608
302985990
303187712
303532553
303679931
303960244
304091637
304194526
304535187
304558313
304571836
304765427
304820146
304831696
305116046
305257265
305290676
305509484
305524795
305799853
305800528
305846891
305925610
305984231
306008551
306125362
306183562
306211441
306542116
306731551
306805255
306980313
307080163
307284219
307418520
307545380
307869889
308113685
308420914
308434677
308683202
308797324
309124798
309370632
309560517
309863931
309996587
310103133
310167507
310484684
310587811
310859053
310899153
310989689
311102752
311267905
311611553
311910978
312070080
312098825
312211918
312378366
312546541
312812084
313147529
313207776
313230629
313540235
313553870
313593024
313859433
314127793
314415029
314732062
314753789
314859792
314944302
315197655
315513355
315767759
315967849
316175478
316228446
316424879
316478944
316828946
317080222
317262367
317411814
317737354
317984485
318200865
318497884
318699932
318706697
318902223
319103948
319385916
319632808
319874109
319911071
320119975
320279948
320413709
320437298
320666238
320951172
321257061
321579054
321645050
321992686
322326872
322680497
322976631
323135070
323331823
323446439
323795874
323976904
324004590
324148205
324156628
324165004
324184550
324245862
324351536
324481388
324830067
325076719
325177136
325462866
325680243
325722134
326036008
326110678
326243728
326469364
326705968
326958640
327104320
327347463
327597373
327607261
327950061
328291355
328410372
328526175
328794068
328872142
328914138
328960217
328970288
329104307
329229324
329330582
329497153
329605924
329695326
330054729
330312285
330603904
330924827
331057232
331121484
331316303
331505388
331855681
331858247
332095038
332223495
332349283
332539447
332654544
332724650
332917665
332933018
333288233
333369713
333436629
333666000
333774796
334031263
334276525
334540513
334637228
334698220
334783981
334990179
335106094
335274198
335542944
335838120
335940190
336187321
336439980
336532919
336618867
336799651
336907748
336911828
337146349
337197496
337240020
337445990
337616945
337631326
337910209
338206519
338412391
338708421
338998834
339165434
339240123
339565451
339882229
339889423
340094055
340322885
340451690
340553287
340899161
341248732
341559418
341910164
342267569
342397764
342650630
342997633
343165782
343243527
343269400
343469012
343719925
343744265
343927919
344291719
344488842
344633109
344987792
345183917
345256726
345626182
345923500
346042039
346282563
346535541
346675466
346900063
347033421
347080251
347284837
347340142
347624436
347847038
347906529
348068308
348306707
348659586
349001208
349366238
349406055
349434013
349736685
349940335
350255923
350407591
350576023
350908246
351215952
351441957
351595356
351794993
351922305
351962704
352175020
352295878
352569685
352652907
353013344
353132842
353340326
353609942
353714795
353924253
353978203
354057309
354207268
354296848
354446046
354690500
354933380
355005225
355273827
355517022
355623089
355869251
355939474
355960933
356275838
356491149
356625374
356719870
357041279
357252228
357563233
357663110
357761869
357770734
358140395
358197282
358366445
358601191
358894094
358973392
359100708
359446351
359565077
359641185
359810690
360083824
360311896
360351544
360609763
360716819
360870474
360913570
361262638
361445808
361487166
361841711
361894263
362088146
362153318
362425961
362512165
362713294
362721934
362907647
363256411
363609013
363952363
364176272
364222622
364437007
364498404
364656822
364805383
365101367
365264523
365476389
365783359
365810399
366114565
366269905
366607041
366890672
367055390
367331464
367425966
367751402
367773302
368107878
368328259
368654873
368910402
369264887
369580052
369850113
370091652
370098252
370292407
370636768
370747539
370907444
371292021
371500962
371788428
372160428
372520303
372819135
372952111
373069806
373127601
373433394
373782751
374119572
374148718
374355084
374686182
374783860
375141824
375304634
375671030
375959076
376330550
376488595
376569616
376934215
376934434
377199826
377308937
377505641
377595567
377865400
377935742
378091967
378213871
378470639
378734164
378968065
379283757
379526690
379731488
379976255
380111673
380272211
380352902
380519677
380564061
380594790
380869665
381114975
381321934
381603106
381809812
382049905
382253652
382408422
382797816
382901754
383234478
383621106
383836949
383902969
383997602
384156167
384157172
384186299
384508604
384744204
385049374
385134673
385492029
385679209
385943088
386169152
386406680
386426400
386628339
386890023
387047382
387197439
387324434
387435272
387554261
387658314
387662107
387874705
388132368
388458637
388462204
388638914
388918961
389260211
389585101
389904801
390152468
390170306
390448355
390655799
390808969
391023048
391296521
391676967
391934817
392042119
392254042
392594912
392791654
392854348
392878213
392976166
393287227
393333617
393673618
393927538
393957541
394136147
394223896
394473685
394707691
394920887
395021526
395261469
395615777
395910648
396159002
396209117
396395578
396786063
396813822
396819274
396995749
397029243
397075103
397190640
397208787
397454870
397798427
397996038
398287966
398371658
398423143
398717982
398792456
398859634
398970514
399117922
399151759
399502280
399793379
400019242
400387159
400576397
400828165
401129770
401473281
401555195
401667847
401765480
401938400
402106473
402305700
402578067
402926014
403090081
403400975
403748871
404065264
404236697
404498867
404715468
405066786
405343353
405526115
405635227
405700104
405712318
405892020
406035184
406095059
406342050
406625019
406985823
407213794
407325484
407544605
407732710
408024374
408186309
408484097
408769261
408812889
408946924
409058855
409264733
409598637
409768734
409777330
409853847
409984100
410204838
410430288
410475259
410717964
410945759
411247644
411425997
411445728
411646468
411678207
411678406
411684217
411927128
412113021
412114416
412137317
412307524
412331264
412511389
412813241
412962221
413180003
413418156
413577673
413615608
413900421
414108672
414446847
414568056
414583637
414949165
415189853
415504136
415673637
415800552
416175930
416374268
416613258
416643448
416999416
417229596
417603167
417654199
417749560
417905744
418086181
418317633
418636446
418712075
418784284
418807410
419147519
419463260
419586781
419677867
419931116
420046590
420287619
420475913
420678608
420926948
421221882
421601715
421819411
421983486
422231925
422292891
422434944
422455233
422793811
422978285
423287086
423512545
423623221
424016115
424118899
424271834
424491912
424722481
424987247
425384255
425667522
425951837
426136698
426330736
426716989
426757279
427083403
427108755
427285391
427570621
427885586
428205166
428304779
428582302
428763007
428967511
429227640
429532271
429828517
430241745
430470582
430798821
431187648
431461193
431678917
431837480
432245940
432338494
432643537
432940333
433114087
433130887
433443600
433679336
433680487
433710895
433794663
434099368
434431400
434732857
435064632
435477359
435740616
436040657
436390029
436648894
436891969
437188561
437360089
437513612
437742842
438027637
438212380
438549397
438681707
438849256
439250789
439321781
439340354
439692460
439845380
440164588
440363946
440516671
440895697
441042558
441457281
441757507
441891334
442112229
442140712
442329126
442345711
442654374
442825419
442841126
442983044
443357327
443546698
443611816
443841562
443942593
444136866
444523647
444653438
444723493
444843313
444965277
445242506
445596880
445743502
445827263
446098537
446287459
446696185
447051005
447138349
447162598
447241636
447642409
447750575
448142049
448331656
448723869
449076726
449200599
449262870
449585037
449789163
450201045
450484710
450802924
450924010
451011680
451199706
451439115
451508872
451771658
451880233
451885349
452218831
452416270
452513967
452582163
452766854
453117127
453184755
453469122
453512126
453656195
453876245
453905327
454183550
454206310
454276256
454381936
454614609
454977758
455229167
455586868
455978281
456101555
456419590
456704759
456981315
457166558
457210786
457411939
457715039
457965002
458194951
458300585
458480807
458706675
458783248
458812614
458819547
459093630
459322513
459447630
459846872
460248708
460471569
460498794
460527900
460723167
461026934
461124425
461397341
461782199
462051651
462220221
462351863
462466022
462790163
463216163
463480226
463696188
463879471
463975176
464380071
464596715
464962304
465055984
465199806
465601278
465923384
466211609
466607705
466719996
466933970
466964810
467119379
467355595
467689741
467789076
467826521
468184036
468233812
468325576
468398580
468606790
469010016
469041764
469371944
469668561
469766300
469943403
470064522
470247956
470399866
470519043
470556972
470719911
471040410
471191743
471622807
471743024
471840755
472225637
472508195
472788192
473170156
473198144
473244947
473429489
473502024
473641135
473754433
474065847
474261032
474441856
474852250
475268941
475307765
475583109
475815919
475826064
476087603
476378325
476468675
476505914
476794293
476980894
477079395
477359213
477707219
477965936
478364501
478393258
478519849
478942944
479344229
479498694
479650349
480086719
480301837
480403578
480674779
480989467
481049062
481303370
481464242
481670513
481873744
482145120
482445496
482761278
482973550
483121017
483365561
483712685
483908984
484277589
484573874
484641486
484772739
484993450
485349889
485442959
485464360
485648002
485982527
486339963
486475900
486625523
486672139
486711134
486853838
487150188
487556231
487932082
488126240
488314607
488407449
488519779
488554085
488856085
488985459
489041289
489391227
489692945
489696519
490064128
490333943
490415394
490710965
491081323
491460747
491725169
491946259
492356654
492619248
492658615
493023856
493117147
493457337
493594507
493594566
493812842
494245924
494412888
494686577
494814409
494887421
494931793
495098137
495373637
495746461
495984599
496126649
496219253
496333531
496412105
496817628
497001351
497040876
497333682
497621225
497833656
497900624
498108817
498418624
498540466
498665679
498778889
499084035
499316068
499343318
499672513
499792665
500118559
500539200
500888751
501259058
501705013
501809138
501838229
501937054
502292706
502562718
502905903
503024399
503328009
503595890
504001422
504233506
504516274
504577652
504924431
505323641
505701398
506056823
506407030
506545571
506566879
506752356
507147613
507403086
507409356
507479450
507925755
507958421
507959627
508209716
508612369
508805710
509188326
509497213
509786252
510227410
510411539
510466393
510507240
510595729
510610767
510798976
511126081
511392917
511835996
511968061
512262519
512614005
512895525
513195890
513556870
513992040
514224365
514635752
514678545
514929572
515123534
515568535
515822948
516200028
516552478
516838435
516995266
517018932
517211358
517283360
517385457
517402212
517573639
517970683
518068219
518410916
518853201
518913453
519114486
519519400
519616589
519800501
520088554
520293305
520599934
520725137
520898318
521083712
521258614
521274790
521662081
521982387
522049274
522191191
522301967
522541484
522696508
523082828
523522894
523627274
523726816
524035129
524200446
524461837
524488646
524626849
524639877
524955991
524985588
525440482
525772242
526224658
526416846
526700499
527056288
527345735
527663913
527982615
528263009
528599900
528731709
528799846
529138055
529207501
529308715
529549451
529992947
530361087
530388983
530736915
531149007
531157167
531509074
531955093
532042465
532171413
532455688
532660250
532814104
532939856
533282292
533743666
534083567
534425611
534850651
535142901
535454243
535850323
536302948
536378356
536695939
536995473
537019208
537325101
537780141
538182351
538263830
538330008
538473470
538499117
538622147
538911022
539074479
539276578
539640614
539872415
539998792
540240853
540511889
540532822
540823676
541058498
541347408
541373005
541790964
541819334
542143543
542474126
542840658
543148212
543257183
543698029
544080147
544322733
544478102
544690943
544768051
544976199
545299348
545726931
545822478
545995350
546398738
546711484
546753605
547168791
547318671
547764052
548122362
548589988
548777292
548873246
549337354
549590850
549646843
549650830
549866756
549998808
550040408
550117189
550323576
550528619
550609906
550927553
551121865
551291631
551295679
551622759
552078565
552451835
552505940
552914315
553182467
553635892
553814653
554035808
554501640
554849171
555210609
555319751
555622060
556038945
556419603
556613641
556947732
557104283
557551990
557634470
557660115
558044275
558303346
558763798
559044361
559085989
559543841
559550436
559941020
560028882
560168530
560520182
560622144
560786747
560902894
561147600
561433869
561500979
561914031
562366104
562654886
563087268
563172333
563235954
563467481
563659216
564117087
564212786
564424534
564512915
564981264
565287337
565408728
565646080
565937448
566214474
566573674
566699874
566750838
566853524
566934646
567104638
567276736
567350093
567474180
567582977
567757560
567989298
568357865
568544622
568946923
568964954
569083084
569430182
569652417
569868606
569953829
570027917
570109767
570463788
570782197
570804558
570959665
571071637
571510470
571868435
571915376
572091729
572496616
572582411
572976712
573110231
573429490
573806459
573879537
573964325
574389233
574430005
574743632
575048940
575472931
575486539
575925558
576040071
576282020
576508336
576723261
576825715
577138840
577228475
577478591
577739997
577930834
578164439
578522840
578944160
578971360
579101992
579514808
579757425
579763574
579824481
580215989
580398327
580420276
580801013
581184659
581348946
581818587
582210170
582647415
582909349
582962773
583088270
583104968
583555293
583967406
584140549
584570778
584750188
584785746
584994023
585236190
585452737
585518269
585655229
585882937
586034061
586442013
586783977
587006718
587223069
587546990
587681232
587963333
588341243
588563714
588984431
589329291
589765733
589989486
590323243
590337329
590714638
590790692
590993588
591173744
591468324
591697033
591820548
591858738
592175838
592483543
592504812
592678719
592718226
592859495
593160442
593360964
593645577
594132810
594427845
594856829
595193096
595209165
595487812
595510281
595738241
596070088
596413747
596893699
597017631
597037978
597465369
597537320
597833833
598091260
598205917
598512050
598582519
598715393
598893067
599023196
599460405
599795260
600197398
600570577
600812042
601182000
601415393
601488921
601789262
602220442
602585427
602925865
603122095
603134879
603377407
603557197
603616378
603648705
603792520
603844753
603892729
604057955
604329871
604736001
604876696
604982891
605006524
605313778
605561998
605680367
605693312
605987023
606276508
606759564
606959724
607019346
607306460
607373573
607755915
608239240
608355364
608524713
608970977
609054553
609536097
609978801
610293867
610385542
610782185
610804688
610878977
611112037
611165568
611321613
611529285
611609562
611788833
612068360
612434903
612752836
613028603
613234224
613443018
613883032
614302969
614385154
614866930
615239551
615527741
615929031
616058479
616359465
616668415
616814289
616844881
617182485
617317313
617687614
617744263
617865365
618082179
618258149
618445653
618572071
618656557
618801693
618846728
619337017
619684910
619999700
620402002
620690344
621171555
621626663
621907849
622024199
622251384
622484048
622487351
622969887
623309822
1 8667
1 598893067
2 0
2 35
3 623309823
3 34
3 165431946
3 936392
